%% 5cm
%%1.deneme
rec = [0 1 0 1 0 1 1 1 0 0 0 1 0 1 0 1 1 1 0 0 0 1 0 1 0 1 1 1 0 0 0 1 0 1 0 1 1 1 0 0 0 1 0 1 0 1 1 1 0 0 0 1 0 1 0 1 1 1 0 0 0 1 0 1 0 1 1 1 0 0 0 1 0 1 0 1 1 1 0 0 0 1 0 1 0 1 1 1 0 0 0 1 0 1 0 1 1 1 0 0 0 1 0 1 0 1 1 1 0 0 0 1 0 1 0 1 1 1 0 0 0 1 0 1 0 1 1 1 0 0 0 1 0 1 0 1 1 1 0 0 0 1 0 1 0 1 1 1 0 0];
tr1 = [0 1 0 1 0 1 1 1 0 0 0 1 0 1 0 1 1 1 0 0 0 1 0 1 0 1 1 1 0 0 0 1 0 1 0 1 1 1 0 0 0 1 0 1 0 1 1 1 0 0 0 1 0 1 0 1 1 1 0 0 0 1 0 1 0 1 1 1 0 0 0 1 0 1 0 1 1 1 0 0 0 1 0 1 0 1 1 1 0 0 0 1 0 1 0 1 1 1 0 0 0 1 0 1 0 1 1 1 0 0 0 1 0 1 0 1 1 1 0 0 0 1 0 1 0 1 1 1 0 0 0 1 0 1 0 1 1 1 0 0 0 1 0 1 0 1 1 1 0 0];
%error sýfýr
tr2 = [2 1 0 1 0 1 1 1 0 0 0 1 0 1 0 1 1 1 0 0 0 1 0 1 0 1 1 1 0 0 0 1 0 1 0 1 1 1 0 0 0 1 0 1 0 1 1 1 0 0 2 1 0 1 0 1 1 1 0 0 0 1 0 1 0 1 1 1 0 0 0 1 0 1 0 1 1 1 0 0 0 1 0 1 0 1 1 1 0 0 0 1 0 1 0 1 1 1 0 0 0 1 0 1 0 1 1 1 0 0 0 1 0 1 0 1 1 1 0 0 0 1 0 1 0 1 1 1 0 0 0 1 0 1 0 1 1 1 0 0 0 1 0 1 1 1 1 1 0 0];
%error 3
tr3 = [2 1 0 1 0 1 1 1 0 0 0 1 0 1 0 1 1 1 0 0 0 1 0 1 0 1 1 1 0 0 0 1 0 1 1 1 1 1 0 0 0 1 0 1 1 1 1 1 0 0 2 1 1 1 1 1 1 1 0 0 1 1 1 1 1 1 1 1 0 0 1 1 1 1 1 1 1 0 0 0 1 1 1 0 1 1 1 1 0 0 1 0 1 0 1 1 1 0 0 0 0 0 0 0 0 0 0 0 0 0 0 0 0 0 0 0 0 0 0 0 0 0 0 0 0 0 0 0 0 0 0 0 0 0 0 0 0 0 0 0 0 0 0 0 0 0 0 0 0 0];
% error 48
tr4 = [2 1 0 1 0 1 1 1 0 0 0 1 0 1 0 1 1 1 0 0 0 1 0 1 0 1 1 1 0 0 0 1 0 1 0 1 1 1 0 0 0 1 0 1 0 1 1 1 0 0 2 1 0 1 0 1 1 1 0 0 0 1 0 1 0 1 1 1 0 0 0 1 0 1 0 1 1 1 0 0 0 1 0 1 0 1 1 1 0 0 0 1 0 1 0 1 1 1 0 0 0 1 0 1 0 1 1 1 0 0 0 1 0 1 0 1 1 1 0 0 0 1 0 1 0 1 1 1 0 0 0 1 0 1 0 1 1 1 0 0 0 1 0 1 0 1 1 1 0 0];
% error 2
tr5 = [2 1 0 1 0 1 1 1 0 0 0 1 0 1 0 1 1 1 0 0 0 1 0 1 0 1 1 1 0 0 0 1 0 1 0 1 1 1 0 0 0 1 0 1 0 1 1 1 0 0 2 1 0 1 0 1 1 1 0 0 0 1 0 1 0 1 1 1 0 0 0 1 0 1 0 1 1 1 0 0 0 1 0 1 0 1 1 1 0 0 0 1 0 1 0 1 1 1 0 0 0 1 0 1 0 1 1 1 0 0 0 1 0 1 0 1 1 1 0 0 0 1 0 1 1 1 1 1 0 0 0 1 1 1 1 1 1 1 0 0 1 1 1 1 1 1 1 1 0 0];
% error 8
tr6 = [2 1 0 1 0 1 1 1 0 0 0 1 0 1 0 1 1 1 0 0 0 1 0 1 0 1 1 1 0 0 0 1 0 1 0 1 1 1 0 0 0 1 0 1 0 1 1 1 0 0 2 1 0 1 0 1 1 1 0 0 0 1 0 1 0 1 1 1 0 0 0 1 0 1 0 1 1 1 0 0 0 1 0 1 0 1 1 1 0 0 0 1 0 1 0 1 1 1 0 0 0 1 0 1 0 1 1 1 0 0 0 1 0 1 0 1 1 1 0 0 0 1 0 1 0 1 1 1 0 0 0 1 0 1 0 1 1 1 0 0 0 1 0 1 0 1 1 1 0 0];
%error 2
tr7 = [2 1 0 1 0 1 1 1 0 0 0 1 0 1 0 1 1 1 0 0 0 1 0 1 0 1 1 1 0 0 0 1 0 1 0 1 1 1 0 0 0 1 0 1 0 1 1 1 0 0 0 1 0 1 0 1 1 1 0 0 0 1 0 1 0 1 1 1 0 0 0 1 0 1 0 1 1 1 0 0 0 1 0 1 0 1 1 1 0 0 0 1 0 1 0 1 1 1 0 0 0 1 0 1 0 1 1 1 0 0 0 1 0 1 0 1 1 1 0 0 0 1 0 1 0 1 1 1 0 0 0 1 0 1 0 1 1 1 0 0 0 1 0 1 0 1 1 1 0 0];
%error 1
tr8 = [2 1 0 1 0 1 1 1 0 0 0 1 0 1 0 1 1 1 0 0 0 1 0 1 0 1 1 1 0 0 0 1 0 1 0 1 1 1 0 0 0 1 0 1 0 1 1 1 0 0 0 1 0 1 0 1 1 1 0 0 0 1 0 1 0 1 1 1 0 0 0 1 0 1 0 1 1 1 0 0 0 1 0 1 0 1 1 1 0 0 0 1 0 1 0 1 1 1 0 0 0 1 0 1 0 1 1 1 0 0 0 1 0 1 0 1 1 1 0 0 0 1 0 1 0 1 1 1 0 0 0 1 0 1 0 1 1 1 0 0 0 1 0 1 0 1 1 1 0 0];
% error 1
tr9 = [0 1 0 1 0 1 1 1 0 0 0 1 0 1 0 1 1 1 0 0 0 1 0 1 0 1 1 1 0 0 0 1 0 1 0 1 1 1 0 0 0 1 0 1 0 1 1 1 0 0 0 1 0 1 0 1 1 1 0 0 0 1 0 1 0 1 1 1 0 0 0 1 0 1 0 1 1 1 0 0 0 1 0 1 0 1 1 1 0 0 0 1 0 1 0 1 1 1 0 0 0 1 0 1 0 1 1 1 0 0 0 1 0 1 0 1 1 1 0 0 0 1 0 1 0 1 1 1 0 0 0 1 0 1 0 1 1 1 0 0 0 1 0 1 0 1 1 1 0 0];
% error 0
tr10= [0 1 0 1 0 1 1 1 0 0 0 1 0 1 0 1 1 1 0 0 0 1 0 1 0 1 1 1 0 0 0 1 0 1 0 1 1 1 0 0 0 1 0 1 0 1 1 1 0 0 0 1 0 1 0 1 1 1 0 0 0 1 0 1 0 1 1 1 0 0 0 1 0 1 0 1 1 1 0 0 0 1 0 1 0 1 1 1 0 0 0 1 0 1 0 1 1 1 0 0 0 1 0 1 0 1 1 1 0 0 0 1 0 1 0 1 1 1 0 0 0 1 0 1 1 1 1 1 0 0 0 1 0 1 1 1 1 1 0 0 1 1 1 1 1 1 1 1 0 0];
% error 5
tr11= [0 1 0 1 0 1 1 1 0 0 0 1 0 1 0 1 1 1 0 0 0 1 0 1 0 1 1 1 0 0 0 1 0 1 0 1 1 1 0 0 0 1 0 1 0 1 1 1 0 0 0 1 0 1 0 1 1 1 0 0 0 1 0 1 0 1 1 1 0 0 0 1 0 1 0 1 1 1 0 0 0 1 0 1 0 1 1 1 0 0 0 1 0 1 0 1 1 1 0 0 0 1 0 1 0 1 1 1 0 0 0 1 0 1 0 1 1 1 0 0 0 1 0 1 0 1 1 1 0 0 0 1 0 1 0 1 1 1 0 0 0 1 0 1 0 1 1 1 0 0];
%error 0

%% 6 cm
tr12 = [0 1 0 1 0 1 1 1 0 0 0 1 0 1 0 1 1 1 0 0 0 1 0 1 0 1 1 1 0 0 0 1 0 1 0 1 1 1 0 0 0 1 0 1 0 1 1 1 0 0 0 1 0 1 0 1 1 1 0 0 0 1 0 1 0 1 1 1 0 0 0 1 0 1 0 1 1 1 0 0 0 1 0 1 0 1 1 1 0 0 0 1 0 1 0 1 1 1 0 0 0 1 0 1 0 1 1 1 0 0 0 1 0 1 0 1 1 1 0 0 0 1 0 1 0 1 1 1 0 0 0 1 0 1 0 1 1 1 0 0 0 1 0 1 0 1 1 1 0 0];
%error = 0
tr13 = [0 1 0 1 0 1 1 1 0 0 0 1 0 1 0 1 1 1 0 0 0 1 0 1 0 1 1 1 0 0 0 1 0 1 0 1 1 1 0 0 0 1 0 1 0 1 1 1 0 0 0 1 0 1 0 1 1 1 0 0 0 1 0 1 0 1 1 1 0 0 0 1 0 1 0 1 1 1 0 0 0 1 0 1 0 1 1 1 0 0 0 1 0 1 0 1 1 1 0 0 0 1 0 1 0 1 1 1 0 0 0 1 0 1 0 1 1 1 0 0 0 1 0 1 0 1 1 1 0 0 0 1 0 1 0 1 1 1 0 0 0 1 0 1 0 1 1 1 0 0];
%error = 0
tr14 = [0 1 0 1 0 1 1 1 0 0 0 1 0 1 0 1 1 1 0 0 0 1 0 1 0 1 1 1 0 0 0 1 0 1 0 1 1 1 0 0 0 1 0 1 0 1 1 1 0 0 0 1 0 1 0 1 1 1 0 0 0 1 0 1 0 1 1 1 0 0 0 1 0 1 0 1 1 1 0 0 0 1 0 1 0 1 1 1 0 0 0 1 0 1 0 1 1 1 0 0 0 1 0 1 0 1 1 1 0 0 0 1 0 1 0 1 1 1 0 0 0 1 0 1 0 1 1 1 0 0 0 1 0 1 0 1 1 1 0 0 0 1 0 1 0 1 1 1 0 0];
%error = 0
tr15 = [0 1 0 1 0 1 1 1 0 0 0 1 0 1 0 1 1 1 0 0 0 1 0 1 0 1 1 1 0 0 0 1 0 1 0 1 1 1 0 0 0 1 0 1 0 1 1 1 0 0 0 1 0 1 0 1 1 1 0 0 0 1 0 1 0 1 1 1 0 0 0 1 0 1 0 1 1 1 0 0 0 1 0 1 0 1 1 1 0 0 0 1 0 1 0 1 1 1 0 0 0 1 0 1 0 1 1 0 0 0 0 1 0 1 1 1 1 0 0 0 0 1 1 1 1 1 1 0 0 0 1 1 1 0 1 1 1 0 0 0 1 0 1 0 1 1 1 0 0 0];
%error = 17
tr16 = [0 1 0 1 0 1 1 1 0 0 0 1 0 1 0 1 1 1 0 0 0 1 0 1 0 1 1 1 0 0 0 1 0 1 0 1 1 1 0 0 0 1 0 1 0 1 1 1 0 0 0 1 0 1 0 1 1 1 0 0 0 1 0 1 0 1 1 1 0 0 0 1 0 1 0 1 1 1 0 0 0 1 0 1 0 1 1 1 0 0 0 1 0 1 1 1 1 0 0 0 0 1 0 1 1 1 1 0 0 0 0 1 1 0 1 1 1 0 0 0 1 1 1 0 1 1 1 0 0 0 1 0 1 0 1 1 1 0 0 0 1 0 1 0 1 1 1 0 0 0];
%error 25
tr17 = [0 1 0 1 0 1 1 1 0 0 0 1 0 1 0 1 1 1 0 0 0 1 0 1 0 1 1 1 0 0 0 1 0 1 0 1 1 1 0 0 0 1 0 1 0 1 1 1 0 0 0 1 0 1 0 1 1 1 0 0 0 1 0 1 0 1 1 1 0 0 0 1 0 1 0 1 1 1 0 0 0 1 0 1 0 1 1 1 0 0 0 1 0 1 1 1 1 1 0 0 0 1 1 1 1 1 1 1 0 0 1 1 1 1 1 1 1 1 0 0 1 1 1 1 1 1 1 1 0 0 1 1 1 1 1 1 1 1 0 0 1 1 1 0 1 1 1 1 0 0];
%error 16
tr18 = [0 1 0 1 0 1 1 1 0 0 0 1 0 1 0 1 1 1 0 0 0 1 0 1 0 1 1 1 0 0 0 1 0 1 0 1 1 1 0 0 0 1 0 1 0 1 1 1 0 0 0 1 0 1 0 1 1 1 0 0 0 1 0 1 0 1 1 1 0 0 0 1 0 1 0 1 1 1 0 0 0 1 0 1 1 1 1 1 0 0 0 1 1 1 1 1 1 1 0 0 0 1 1 1 1 1 1 1 0 0 1 1 1 1 1 1 1 0 0 0 1 1 1 0 1 1 1 0 0 0 1 0 1 0 1 1 1 0 0 0 1 0 1 0 1 1 1 0 0 0];
%error 26
tr19 = [0 1 0 1 0 1 1 1 0 0 0 1 0 1 0 1 1 1 0 0 0 1 0 1 0 1 1 1 0 0 0 1 0 1 0 1 1 1 0 0 0 1 0 1 0 1 1 1 0 0 0 1 0 1 0 1 1 1 0 0 0 1 0 1 0 1 1 1 0 0 0 1 0 1 0 1 1 1 0 0 0 1 0 1 0 1 1 1 0 0 0 1 0 1 0 1 1 1 0 0 0 1 0 1 0 1 1 1 0 0 0 1 0 1 0 1 1 1 0 0 0 1 0 1 0 1 1 1 0 0 0 1 0 1 0 1 1 1 0 0 0 1 0 1 0 1 1 1 0 0 ];
%error 0
tr20 = [0 1 0 1 0 1 1 1 0 0 0 1 0 1 0 1 1 1 0 0 0 1 0 1 0 1 1 1 0 0 0 1 0 1 0 1 1 1 0 0 0 1 0 1 0 1 1 1 0 0 0 1 0 1 0 1 1 1 0 0 0 1 0 1 0 1 1 1 0 0 0 1 0 1 0 1 1 1 0 0 0 1 0 1 0 1 1 1 0 0 0 1 0 1 0 1 1 1 0 0 0 1 0 1 0 1 1 1 0 0 0 1 0 1 0 1 1 1 0 0 0 1 0 1 0 1 1 1 0 0 0 1 0 1 0 1 1 1 0 0 0 1 0 1 0 1 1 1 0 0 ];
%error 0
tr21 = [0 1 0 1 0 1 1 1 0 0 0 1 0 1 0 1 1 1 0 0 0 1 0 1 0 1 1 1 0 0 0 1 0 1 0 1 1 1 0 0 0 1 0 1 0 1 1 1 0 0 1 1 0 1 0 1 1 1 0 0 0 1 0 1 0 1 1 1 0 0 0 1 0 1 1 1 1 1 0 0 0 1 1 1 1 1 1 1 0 0 1 1 1 1 1 1 1 1 0 0 1 1 1 1 1 1 1 0 0 0 1 1 1 1 1 1 1 0 0 0 1 1 1 1 1 1 1 0 0 0 1 1 1 0 1 1 1 0 0 0 1 0 1 0 1 1 1 0 0 0 ];
%error 30

%%7 cm
tr22 = [0 1 0 1 0 1 1 1 0 0 0 1 0 1 0 1 1 1 0 0 0 1 0 1 0 1 1 1 0 0 0 1 0 1 0 1 1 1 0 0 0 1 0 1 0 1 1 1 0 0 0 1 0 1 0 1 1 1 0 0 0 1 0 1 0 1 1 1 0 0 0 1 0 1 0 1 1 1 0 0 0 1 0 1 0 1 1 1 0 0 0 1 0 1 0 1 1 1 0 0 0 1 0 1 0 1 1 1 0 0 0 1 0 1 1 1 1 0 0 0 0 1 0 0 1 1 1 0 0 0 0 1 1 0 1 1 1 0 0 0 1 0 1 0 1 1 1 0 0 0 ];
%error 15
tr23 = [0 1 0 1 0 1 1 1 0 0 0 1 0 1 0 1 1 1 0 0 0 1 0 1 0 1 1 1 0 0 0 1 0 1 0 1 1 1 0 0 0 1 0 1 0 1 1 1 0 0 0 1 0 1 0 1 1 1 0 0 0 1 0 1 0 1 1 1 0 0 0 1 0 1 0 1 1 1 0 0 0 1 0 1 0 1 1 1 0 0 0 1 0 1 0 1 1 1 0 0 0 1 0 1 0 1 1 1 0 0 0 1 0 1 0 1 1 1 0 0 0 1 0 1 0 1 1 1 0 0 0 1 0 1 0 1 1 1 0 0 0 1 0 1 0 1 1 1 0 0 ];
%error 0
